75305
75329
75338
75352
75359
75390
75391
75392
75397
75407
75411
75418
75419
75422
75423
75424
75425
75433
75452
75476
75477
75478
75482
75483
75493
75497
75498
75500
75505
75512
75513
75515
75520
75525
75532
75541
75542
75545
75546
75547
75551
75554
75563
75577
75591
75604
75608
75638
75642
75648
75650
75657
75658
75659
75660
75663
75678
75682
75685
75686
75689
75695
75697
75701
75704
75707
75708
75715
75724
75725
75726
75734
75736
75738
75741
75742
75755
75756
75768
75769
75785
75786
75789
75791
75792
75806
75817
75819
75821
75834
75845
75847
75848
75851
75852
75854
75860
75876
75885
75886
75889
75891
75919
75925
75932
75933
75934
75941
75948
75965
75974
75981
75988
76000
76010
76011
76020
76021
76025
76031
76034
76038
76039
76040
76041
76044
76052
76053
76056
76057
76075
76076
76082
76084
76085
76095
76099
76104
76105
76112
76115
76119
76131
76133
76139
76160
76168
76176
76183
76184
76197
76208
76233
76241
76243
76244
76247
76265
76276
76279
76283
76295
76308
76309
76313
76318
76320
76326
76342
76346
76373
76375
76376
76377
76391
76394
76397
76399
76418
76422
76426
76427
76432
76475
76484
76486
76487
76492
76494
76504
76505
76509
76512
76516
76519
76521
76531
76532
76534
76545
76550
76555
76561
76564
76571
76575
76579
76580
76585
76586
76588
76589
76590
76591
76597
76602
76606
76607
76616
76621
76626
76628
76629
76633
76647
76648
76649
76666
76670
76671
76673
76674
76675
76676
76691
76697
76714
76718
76724
76740
76743
76749
76755
76756
76762
76766
76772
76777
76786
76787
76796
76797
76800
76804
76814
76818
76820
76822
76829
76834
76835
76837
76844
76853
76859
76860
76861
76864
76871
76878
76908
76916
76946
76947
76949
76950
76952
76959
76972
76990
76997
77001
77002
77004
77006
77013
77014
77024
77033
77040
77048
77050
77054
77063
77064
77067
77071
77080
77082
77083
77091
77098
77099
77147
77149
77150
77151
77163
77173
77174
77194
77223
77234
77269
77270
77271
77286
77292
77298
77315
77324
77328
77343
77344
77345
77346
77347
77349
77350
77355
77363
77366
77368
77369
77370
77371
77383
77388
77392
77407
77408
77409
77410
77417
77427
77439
77444
77445
77446
77452
77469
77475
77476
77477
77482
77484
77485
77489
77497
77507
77510
77512
77515
77517
77519
77522
77524
77536
77540
77541
77542
77555
77562
77573
77583
77587
77594
77603
77607
77608
77611
77616
77626
77635
77640
77647
77648
77659
77663
77664
77696
77697
77725
77728
77747
77749
77757
77767
77773
77782
77785
77792
77796
77803
77810
77819
77838
77840
77841
77844
77845
77847
77860
77881
77886
77887
77899
77902
77913
77935
77943
77959
77960
77963
77964
77972
77978
77999
78000
78002
78018
78030
78035
78049
78050
78051
78067
78068
78077
78078
78079
78080
78094
78096
78100
78114
78115
78116
78117
78118
78119
78127
78142
78165
78172
78174
78183
78184
78197
78200
78204
78212
78213
78219
78225
78227
78236
78238
78242
78243
78253
78257
78262
78282
78285
78289
78290
78305
78309
78315
78318
78329
78335
78346
78347
78348
78356
78358
78361
78380
78381
78382
78388
78403
78422
78426
78427
78433
78434
78446
78450
78451
78454
78457
78486
78491
78493
78498
78502
78504
78510
78511
78522
78525
78530
78532
78536
78537
78542
78543
78550
78560
78567
78570
78571
78576
78587
78592
78593
78600
78604
78606
78607
78610
78611
78615
78617
78622
78623
78628
78632
78633
78649
78650
78661
78673
78681
78694
78702
78703
78704
78705
78716
78720
78726
78730
78747
78763
78764
78769
78776
78783
78787
78788
78790
78798
78799
78812
78813
78829
78837
78861
78889
78894
78903
78912
78914
78915
78941
78944
78951
78957
78959
78975
78980
78982
78988
78991
79004
79021
79025
79060
79064
79071
79075
79085
79089
79091
79106
79107
79117
79126
79127
79128
79129
79131
79134
79180
79181
79182
79185
79193
79194
79195
79196
79197
79198
79199
79200
79201
79203
79210
79212
79215
79216
79227
79228
79232
79233
79234
79235
79251
79285
79286
79290
79318
79328
79341
79342
79358
79359
79360
79375
79376
79377
79378
79379
79380
79381
79390
79397
79411
79413
79415
79422
79431
79436
79456
79457
79460
79477
79479
79529
79531
79533
79541
79543
79546
79547
79549
79553
79555
79580
79583
79588
79590
79591
79603
79609
79612
79614
79616
79619
79625
79626
79628
79633
79655
79668
79669
79676
79683
79688
79693
79697
79722
79735
79752
79753
79764
79765
79769
79776
79778
79781
79782
79784
79785
79786
79791
79794
79795
79797
79800
79801
79802
79803
79807
79808
79810
79811
79813
79816
79825
79828
79831
79832
79833
79834
79839
79840
79842
79844
79848
79862
79863
79868
79874
79883
79884
79885
79889
79890
79891
79892
79893
79894
79902
79910
79911
79953
79954
79981
79986
79988
79999
80006
80018
80031
80032
80034
80043
80066
80077
80086
80087
80095
80096
80107
80111
80118
80121
80126
80131
80132
80144
80145
80185
80195
80211
80220
80221
80222
80227
80228
80238
80244
80245
80248
80249
80250
80251
80252
80253
80255
80256
80259
80275
80279
80280
80281
80290
80292
80293
80298
80299
80300
80301
80321
80324
80325
80326
80327
80329
80334
80341
80345
80346
80347
80349
80350
80356
80363
80375
80377
80381
80386
80389
80390
80412
80419
80436
80445
80449
80458
80469
80475
80476
80477
80480
80482
80483
80484
80485
80487
80488
80493
80494
80503
80528
80531
80538
80546
80566
80567
80568
80572
80573
80574
80580
80587
80590
80600
80606
80607
80611
80612
80615
80618
80624
80642
80657
80661
80669
80672
80673
80678
80683
80688
80692
80695
80698
80702
80703
80704
80715
80716
80724
80744
80747
80757
80760
80770
80775
80776
80777
80778
80779
80785
80807
80808
80812
80813
80815
80831
80836
80838
80852
80853
80862
80871
80881
80883
80897
80908
80914
80919
80921
80922
80924
80926
80932
80941
80946
80952
80960
80962
80963
80966
80971
80976
80984
80985
80986
80992
80993
80998
81000
81002
81016
81017
81020
81021
81028
81029
81030
81031
81051
81076
81080
81081
81082
81083
81084
81090
81092
81098
81139
81144
81148
81155
81158
81161
81163
81164
81165
81166
81167
81169
81174
81178
81184
81185
81194
81199
81217
81221
81222
81225
81228
81233
81242
81247
81253
81265
81268
81269
81272
81280
81282
81283
81284
81286
81287
81288
81289
81317
81319
81358
81370
81379
81380
81381
81382
81383
81387
81398
81410
81413
81423
81427
81431
81432
81433
81436
81793
81794
81805
81818
81820
81912
81922
81925
81928
81931
81932
81939
81940
81941
81942
81949
81951
81952
81958
81960
81961
81963
81965
81966
81968
81970
81978
81990
81991
81997
82000
82005
82018
82020
82030
82031
82049
82054
82055
82063
82066
82072
82073
82074
82077
82079
82097
82102
82105
82113
82122
82124
82127
82148
82173
82182
82183
82187
82188
82190
82197
82201
82203
82214
82217
82221
82225
82227
82245
82249
82256
82260
82276
82277
82279
82284
82307
82323
82334
82335
82336
82343
82346
82356
82360
82369
82375
82391
82392
82393
82404
82407
82413
82415
82424
82434
82436
82437
82443
82444
82445
82446
82448
82457
82461
82482
82512
82521
82525
82537
82538
82548
82559
82560
82564
82565
82566
82571
82572
82573
82576
82596
82599
82600
82612
82620
82640
82641
82646
82647
82648
82649
82655
82657
82660
82671
82673
82680
82684
82689
82693
82705
82707
82714
82730
82775
82776
82795
82796
82797
82806
82820
82822
82823
82848
82863
82891
82892
82898
82903
82904
82911
82915
82917
82926
82939
82940
82942
82964
82965
82977
82978
82996
82997
83000
83001
83005
83014
83020
83027
83028
83029
83030
83031
83032
83037
83047
83052
83055
83060
83064
83066
83067
83070
83071
83072
83077
83085
83087
83091
83097
83107
83113
83114
83117
83121
83136
83141
83144
83147
83158
83162
83163
83164
83167
83173
83180
83182
83226
83232
83241
83242
83250
83253
83254
83256
83257
83258
83259
83260
83261
83262
83263
83264
83265
83266
83267
83268
83269
83270
83271
83278
83279
83280
83281
83282
83283
83284
83295
83296
83302
83303
83309
83312
83314
83326
83335
83339
83340
83341
83343
83353
83360
83362
83365
83379
83380
83402
83404
83410
83414
83427
83453
83458
83468
83508
83517
83532
83533
83549
83568
83571
83580
83584
83591
83592
83593
83602
83603
83604
83619
83634
83642
83649
83653
83674
83699
83716
83723
83724
83725
83726
83737
83740
83762
83772
83774
83777
83781
83793
83800
83804
83807
83810
83813
83830
83836
83840
83847
83848
83854
83861
83888
83902
83910
83911
83912
83917
83928
83930
83936
83937
83939
83957
83963
83964
83968
83970
83974
83978
83979
83980
83985
83987
83990
83991
83992
83993
83997
84007
84052
84053
84054
84061
84070
84100
84111
84112
84115
84137
84141
84143
84163
84166
84173
84185
84188
84205
84213
84219
84231
84234
84239
84240
84244
84245
84249
84267
84269
84270
84271
84275
84289
84291
84297
84307
84312
84362
84363
84364
84371
84373
84374
84380
84384
84385
84405
84410
84412
84416
84417
84429
84437
84442
84481
84482
84483
84490
84519
84521
84523
84532
84533
84534
84535
84538
84557
84558
84559
84582
84585
84586
84594
84604
84606
84607
84615
84617
84629
84647
84650
84655
84659
84665
84675
84676
84698
84703
84704
84705
84710
84728
84731
84743
84750
84751
84752
84753
84754
84756
84761
84762
84766
84772
84776
84786
84789
84790
84814
84816
84818
84820
84821
84828
84840
84844
84845
84846
84863
84868
84872
84884
84886
84889
84890
84899
84906
84910
84912
84940
84943
84945
84946
84949
84951
84956
84959
84973
84975
84977
84979
84985
84991
84995
85018
85019
85020
85027
85032
85038
85039
85040
85048
85054
85059
85068
85073
85076
85086
85092
85094
85096
85097
85110
85111
85117
85235
85239
85243
85246
85247
85258
85262
85273
85274
85276
85285
85289
85290
85291
85296
85297
85298
85299
85301
85306
85313
85320
85323
85324
85330
85346
85350
85357
85358
85369
85387
85389
85394
85398
85399
85400
85401
85434
85445
85466
85473
85484
85486
85488
85499
85517
85521
85524
85535
85539
85540
85541
85544
85548
85549
85559
85561
85570
85571
85575
85582
85589
85594
85606
85610
85611
85616
85623
85629
85633
85644
85659
85673
85674
85675
85677
85682
85707
85713
85720
85746
85759
85763
85766
85768
85769
85774
85785
85786
85808
85813
85827
85845
85846
85847
85850
85858
85868
85869
85887
85891
85902
85904
85917
85919
85924
85932
85933
85938
85939
85945
85953
85954
85972
85975
85978
85982
85986
85990
85997
86016
86020
86022
86034
86035
86036
86038
86044
86051
86056
86063
86066
86068
86070
86072
86077
86078
86079
86082
86083
86084
86085
86092
86105
86109
86110
86130
86140
86148
86155
86156
86160
86163
86171
86172
86173
86175
86176
86177
86178
86180
86182
86183
86184
86185
86186
86187
86188
86194
86204
86205
86210
86212
86213
86218
86221
86231
86232
86242
86243
86247
86250
86257
86262
86265
86270
86271
86272
86273
86275
86279
86293
86296
86301
86303
86304
86306
86310
86313
86316
86318
86319
86335
86336
86338
86342
86351
86353
86354
86355
86356
86357
86358
86360
86362
86363
86365
86384
86398
86399
86406
86410
86418
86419
86422
86426
86428
86430
86439
86443
86446
86447
86449
86452
86455
86456
86457
86459
86460
86465
86466
86470
86471
86472
86473
86484
86501
86502
86510
86511
86520
86522
86526
86527
86545
86551
86554
86555
86558
86560
86571
86572
86581
86586
86598
86621
86627
86636
86641
86644
86649
86657
86658
86661
86682
86701
86706
86714
86718
86721
86728
86730
86731
86732
86733
86734
86735
86737
86743
86755
86756
86768
86770
86783
86787
86788
86792
86818
86819
86821
86834
86852
86855
86868
86875
86881
86907
86909
86944
86954
86955
86963
86974
86986
86988
87042
87045
87050
87090
87095
87104
87105
87108
87113
87129
87132
87133
87134
87147
87148
87149
87151
87185
87193
87194
87217
87228
87231
87267
87268
87270
87278
87282
87288
87290
87291
87292
87320
87322
87323
87325
87346
87347
87349
87355
87360
87437
87452
87456
87459
87460
87468
87469
87471
87472
87473
87481
87502
87509
87510
87516
87522
87523
87528
87532
87533
87544
87582
87587
87602
87603
87604
87605
87606
87610
87612
87615
87616
87617
87618
87621
87622
87623
87624
87631
87651
87654
87675
87676
87681
87684
87703
87706
87716
87718
87719
87728
87730
87734
87742
87749
87760
87761
87762
87763
87768
87775
87791
87804
87805
87816
87830
87833
87836
87841
87843
87853
87857
87858
87861
87869
87870
87884
87888
87889
87919
87920
87923
87924
87927
87929
87947
87955
87959
87963
88000
88003
88005
88008
88017
88019
88022
88029
88034
88036
88045
88046
88055
88076
88079
88086
88089
88091
88095
88103
88127
88128
88131
88133
88135
88142
88154
88167
88174
88180
88181
88187
88197
88203
88204
88211
88214
88215
88224
88228
88237
88240
88242
88246
88252
88256
88259
88260
88261
88265
88266
88268
88270
88275
88279
88281
88285
88286
88291
88301
88306
88316
88368
88373
88388
88389
88402
88413
88448
88449
88461
88466
88467
88468
88481
88484
88491
88509
88510
88514
88516
88517
88520
88529
88530
88531
88540
88541
88546
88548
88549
88550
88553
88568
88572
88573
88577
88584
88591
88596
88601
88786
88788
88798
88806
88811
88826
88828
88831
88833
88834
88838
88859
88861
88869
88872
88876
88882
88888
88890
88895
88901
88906
88911
88915
88916
88927
88932
88935
88936
88938
88940
88941
88942
88950
88963
88964
88973
88975
89001
89003
89010
89017
89019
89021
89023
89024
89028
89029
89044
89046
89050
89051
89052
89053
89065
89072
89074
89081
89083
89097
89104
89110
89113
89118
89123
89127
89130
89131
89135
89136
89139
89140
89145
89146
89154
89155
89156
89160
89170
89171
89175
89179
89182
89192
89197
89203
89207
89208
89212
89214
89216
89230
89263
89265
89266
89284
89286
89294
89299
89301
89314
89330
89332
89346
89352
89367
89368
89371
89372
89377
89378
89389
89393
89397
89401
89402
89410
89411
89415
89417
89419
89424
89425
89427
89429
89433
89437
89438
89446
89448
89449
89456
89467
89470
89473
89474
89475
89476
89477
89478
89484
89485
89493
89497
89498
89500
89501
89502
89503
89516
89522
89532
89534
89535
89541
89562
89563
89566
89569
89578
89579
89598
89599
89600
89602
89609
89618
89619
89628
89635
89637
89642
89645
89647
89650
89652
89653
89654
89655
89663
89665
89672
89673
89679
89680
89693
89704
89705
89720
89722
89727
89728
89736
89740
89741
89747
89754
89756
89764
89765
89766
89777
89781
89784
89798
89804
89807
89817
89820
89824
89833
89835
89859
89871
89873
89876
89888
89891
89894
89897
89902
89908
89915
89917
89918
89924
89937
89944
89945
89963
89964
89965
89975
89981
89986
90006
90021
90025
90043
90044
90045
90046
90053
90066
90082
90084
90098
90100
90101
90102
90113
90114
90120
90123
90127
90129
90139
90159
90164
90171
90172
90173
90175
90176
90177
90179
90180
90181
90188
90204
90207
90212
90226
90227
90228
90230
90234
90239
90248
90259
90274
90275
90276
90277
90282
90293
90298
90305
90310
90333
90334
90338
90341
90346
90347
90350
90352
90369
90374
90377
90378
90382
90396
90404
90407
90417
90418
90427
90432
90437
90443
90444
90445
90447
90452
90456
90457
90459
90460
90463
90481
90487
90489
90493
90496
90513
90515
90517
90519
90530
90545
90549
90551
90560
90589
90591
90593
90594
90598
90602
90604
90605
90616
90630
90651
90661
90668
90692
90700
90701
90702
90705
90712
90722
90728
90730
90733
90740
90751
90759
90772
90778
90782
90784
90786
90787
90792
90802
90804
90805
90810
90814
90816
90819
90850
90860
90869
90872
90873
90880
90884
90888
90891
90898
90906
90912
90913
90919
90923
90943
90947
90967
90970
90971
90975
90978
90980
90983
90991
90994
90999
91000
91008
91033
91041
91052
91057
91069
91077
91097
91098
91103
91114
91125
91131
91132
91135
91137
91138
91145
91147
91148
91158
91161
91165
91173
91175
91176
91177
91178
91194
91195
91196
91209
91210
91213
91236
91242
91244
91253
91267
91269
91273
91280
91286
91296
91305
91340
91341
91346
91352
91353
91354
91361
91378
91380
91381
91385
91389
91390
91391
91394
91396
91411
91413
91417
91427
91432
91433
91442
91445
91454
91456
91459
91463
91472
91486
91493
91504
91507
91508
91521
91522
91537
91538
91540
91544
91548
91551
91568
91576
91577
91579
91580
91581
91587
91597
91598
91606
91614
91619
91620
91623
91627
91638
91649
91650
91655
91656
91684
91685
91686
91700
91703
91709
91720
91731
91748
91749
91750
91751
91753
91754
91761
91762
91765
91766
91769
91771
91772
91774
91777
91780
91781
91782
91783
91784
91789
91790
91796
91799
91800
91803
91807
91819
91821
91868
91899
91902
91904
91905
91906
91907
91908
91909
91911
91912
91913
91914
91915
91916
91917
91918
91919
91920
91922
91923
91927
91928
91929
91932
91937
91940
91968
91973
91974
91975
91978
91986
91989
91993
92002
92003
92006
92008
92010
92017
92024
92027
92033
92044
92053
92055
92064
92074
92078
92090
92103
92111
92112
92113
92124
92150
92154
92160
92177
92178
92180
92182
92183
92185
92186
92190
92193
92205
92207
92208
92210
92212
92217
92220
92225
92226
92227
92228
92229
92230
92231
92232
92233
92234
92235
92236
92237
92238
92239
92240
92247
92248
92251
92253
92259
92262
92266
92268
92273
92284
92285
92286
92287
92303
92319
92329
92334
92338
92340
92348
92349
92350
92352
92356
92367
92368
92371
92373
92383
92384
92386
92387
92390
92397
92399
92403
92405
92410
92411
92429
92431
92435
92436
92440
92443
92451
92452
92453
92454
92459
92471
92472
92478
92484
92499
92502
92505
92509
92514
92519
92539
92546
92548
92552
92556
92557
92561
92566
92571
92572
92576
92582
92584
92585
92586
92587
92589
92598
92600
92605
92608
92609
92618
92623
92624
92627
92645
92648
92657
92665
92666
92677
92678
92679
92680
92694
92697
92700
92701
92703
92709
92714
92728
92731
92735
92736
92746
92747
92757
92772
92775
92776
92778
92783
92786
92787
92792
92799
92805
92806
92808
92809
92810
92819
92824
92825
92841
92843
92845
92849
92851
92856
92862
92866
92868
92871
92874
92875
92877
92883
92886
92892
92895
92898
92901
92902
92906
92916
92917
92922
92925
92932
92933
92938
92942
92943
92944
92948
92952
92954
92956
92963
92968
92972
92975
92982
92983
92985
92986
92987
92988
92989
92990
92991
92992
92993
93003
93020
93030
93035
93036
93039
93040
93041
93042
93043
93045
93050
93064
93071
93080
93084
93093
93098
93103
93107
93109
93116
93117
93119
93122
93124
93130
93132
93133
93136
93153
93154
93159
93163
93175
93181
93184
93187
93196
93200
93206
93212
93231
93234
93239
93248
93249
93251
93256
93259
93266
93268
93274
93276
93297
93305
93308
93336
93338
93341
93342
93343
93344
93347
93353
93356
93360
93367
93368
93372
93374
93392
93396
93399
93402
93410
93423
93427
93429
93433
93438
93449
93452
93455
93464
93467
93495
93506
93511
93512
93517
93518
93525
93536
93538
93540
93543
93546
93551
93555
93559
93561
93562
93563
93564
93565
93566
93568
93578
93587
93607
93610
93612
93617
93628
93630
93631
93638
93642
93644
93645
93659
93663
93668
93670
93671
93681
93684
93686
93696
93698
93703
93704
93705
93708
93733
93737
93744
93756
93758
93762
93778
93779
93784
93798
93799
93803
93804
93805
93819
93833
93837
93842
93846
93854
93861
93868
93871
93873
93883
93887
93893
93896
93900
93901
93906
93907
93911
93916
93918
93924
93945
93947
93949
93952
93954
93955
93980
93981
93982
93985
93986
93990
93994
93995
93996
93997
94021
94027
94030
94037
94039
94040
94045
94046
94048
94057
94058
94062
94067
94079
94082
94086
94094
94095
94097
94101
94102
94110
94112
94116
94131
94133
94136
94145
94146
94147
94152
94155
94159
94184
94190
94203
94211
94219
94222
94241
94243
94256
94257
94261
94274
94283
94285
94304
94310
94313
94315
94320
94324
94327
94335
94362
94363
94377
94379
94380
94381
94382
94387
94388
94389
94390
94398
94400
94401
94402
94418
94419
94424
94425
94426
94428
94430
94432
94437
94443
94449
94452
94455
94465
94466
94478
94483
94491
94517
94518
94530
94540
94559
94562
94564
94575
94579
94588
94592
94594
94597
94612
94616
94622
94628
94630
94631
94632
94633
94634
94653
94654
94660
94662
94675
94680
94681
94693
94702
94703
94713
94720
94723
94726
94729
94730
94734
94740
94748
94782
94789
94790
94792
94795
94798
94799
94800
94801
94802
94803
94804
94805
94806
94807
94816
94819
94821
94824
94827
94835
94837
94841
94846
94853
94859
94860
94864
94869
94878
94896
94903
94906
94908
94909
94910
94911
94912
94915
94919
94922
94925
94928
94932
94938
94939
94943
94951
94964
94966
94979
94980
94983
94986
94990
94997
95000
95001
95002
95006
95016
95018
95019
95030
95032
95034
95042
95043
95045
95046
95050
95053
95055
95056
95076
95087
95089
95091
95098
95099
95100
95105
95106
95117
95124
95128
95130
95140
95155
95156
95160
95172
95174
95198
95199
95202
95203
95208
95210
95221
95222
95223
95225
95226
95230
95235
95237
95238
95245
95254
95259
95262
95264
95273
95282
95283
95285
95288
95290
95294
95295
95299
95308
95311
95313
95314
95318
95322
95335
95342
95353
95359
95360
95368
95369
95379
95380
95385
95387
95414
95415
95419
95443
95446
95454
95476
95481
95482
95488
95490
95497
95499
95509
95511
95513
95514
95515
95529
95541
95543
95546
95552
95558
95560
95564
95566
95576
95590
95596
95599
95605
95611
95613
95622
95631
95632
95633
95634
95638
95654
95657
95662
95671
95673
95674
95679
95681
95686
95687
95696
95700
95703
95704
95721
95723
95745
95746
95752
95765
95766
95774
95778
95790
95794
95801
95829
95834
95864
95865
95866
95867
95872
95873
95878
95880
95881
95882
95889
95905
95908
95912
95924
95931
95944
95947
95951
95959
95970
95971
95972
95988
96004
96006
96026
96037
96046
96052
96054
96055
96061
96063
96064
96073
96078
96084
96096
96099
96100
96108
96109
96118
96133
96134
96139
96144
96147
96148
96149
96153
96154
96157
96176
96184
96186
96188
96193
96198
96205
96206
96207
96221
96222
96241
96245
96250
96251
96260
96261
96263
96267
96275
96293
96299
96302
96305
96306
96310
96312
96333
96334
96336
96337
96338
96343
96344
96345
96346
96369
96374
96382
96399
96408
96415
96417
96436
96440
96441
96461
96468
96469
96487
96488
96492
96497
96503
96506
96510
96544
96547
96556
96573
96587
96590
96592
96600
96602
96608
96613
96614
96618
96634
96635
96636
96654
96655
96661
96674
96677
96682
96686
96688
96689
96691
96707
96708
96709
96710
96723
96729
96746
96748
96749
96761
96765
96766
96769
96773
96811
96824
96827
96828
96837
96846
96847
96852
96857
96871
96874
96887
96888
96896
96915
96917
96940
96958
96962
96972
96979
96986
96990
97001
97009
97017
97022
97027
97028
97040
97042
97062
97079
97090
97094
97101
97102
97113
97126
97131
97141
97142
97152
97163
97181
97182
97186
97203
97224
97228
97248
97261
97262
97273
97289
97290
97292
97296
97297
97317
97325
97326
97327
97328
97337
97346
97347
97359
97371
97388
97389
97399
97402
97405
97406
97410
97417
97418
97425
97428
97431
97432
97436
97438
97442
97446
97457
97458
97460
97462
97484
97487
97488
97491
97492
97493
97496
97539
97546
97553
97556
97565
97567
97569
97578
97580
97582
97583
97584
97605
97614
97617
97618
97619
97620
97621
97626
97643
97644
97666
97667
97671
97674
97677
97683
97686
97687
97692
97694
97705
97712
97718
97723
97725
97728
97732
97735
97744
97752
97757
97773
97777
97779
97787
97798
97801
97807
97808
97840
97847
97848
97849
97850
97851
97852
97853
97854
97855
97856
97857
97858
97859
97867
97880
97893
97921
97922
97927
97938
97940
97942
97943
97946
97952
97953
97955
97959
97965
97968
97970
97971
97972
97973
97975
97978
97979
97984
97994
97998
97999
98000
98004
98005
98008
98014
98016
98017
98018
98036
98043
98047
98051
98061
98063
98068
98084
98085
98086
98087
98088
98089
98101
98105
98106
98107
98108
98113
98123
98126
98132
98134
98140
98143
98144
98149
98159
98168
98169
98170
98180
98192
98199
98206
98212
98221
98223
98229
98231
98232
98233
98234
98250
98256
98259
98260
98262
98271
98272
98277
98280
98287
98291
98293
98298
98320
98324
98332
98337
98338
98354
98357
98360
98362
98364
98368
98409
98411
98416
98417
98419
98420
98437
98438
98440
98441
98442
98443
98444
98445
98449
98452
98459
98460
98465
98479
98486
98494
98498
98504
98505
98523
98530
98534
98536
98537
98546
98547
98551
98558
98559
98560
98563
98564
98565
98566
98581
98582
98585
98602
98603
98619
98623
98626
98628
98632
98633
98636
98637
98645
98649
98662
98664
98677
98691
98692
98693
98695
98699
98700
98715
98716
98717
98730
98731
98734
98742
98747
98749
98751
98752
98755
98759
98760
98761
98763
98766
98770
98778
98788
98791
98807
98813
98814
98819
98820
98821
98826
98827
98828
98830
98831
98832
98833
98834
98835
98837
98846
98847
98863
98867
98873
98880
98895
98911
98920
98926
98929
98944
98950
98958
98960
98961
98976
98996
99000
99001
99015
99021
99037
99040
99043
99044
99045
99050
99052
99054
99059
99065
99066
99069
99099
99108
99109
99112
99118
99127
99129
99137
99138
99139
99172
99176
99181
99189
99193
99203
99210
99214
99216
99221
99232
99233
99234
99235
99238
99239
99240
99241
99243
99247
99248
99249
99250
99262
99264
99265
99266
99267
99271
99278
99282
99288
99293
99301
99302
99313
99318
99321
99322
99330
99339
99351
99352
99358
99363
99365
99366
99372
99373
99378
99381
99383
99387
99397
99408
99419
99421
99424
99425
99427
99433
99443
99444
99452
99460
99461
99483
99493
99496
99497
99502
99503
99504
99505
99507
99509
99510
99511
99513
99514
99515
99516
99517
99518
99519
99521
99523
99524
99525
99526
99527
99528
99530
99531
99532
99533
99534
99549
99574
99582
99589
99594
99595
99606
99607
99613
99623
99630
99640
99660
99671
99674
99683
99694
99702
99705
99709
99710
99711
99712
99719
99720
99721
99722
99730
99731
99737
99741
99742
99743
99745
99754
99756
99770
99774
99780
99795
99796
99797
99814
99815
99816
99817
99828
99829
99835
99851
99855
99858
99859
99861
99866
99867
99882
99886
99918
99928
99930
99933
99935
99936
99938
99940
99950
99955
99956
99969
99975
99982
99991
99993
100001
100002
100003
100007
100008
100009
100010
100011
100013
100016
100052
100053
100065
100070
100074
100075
100076
100079
100084
100085
100099
100102
100104
100106
100107
100109
100112
100118
100126
100127
100134
100139
100143
100147
100155
100160
100169
100174
100187
100188
100194
100205
100210
100213
100218
100224
100248
100254
100271
100300
100318
100321
100326
100327
100328
100329
100330
100333
100335
100336
100347
100359
100367
100370
100377
100389
100406
100412
100421
100425
100427
100438
100446
100455
100466
100482
100484
100485
100486
100490
100495
100505
100508
100509
100510
100515
100518
100519
100521
100522
100523
100533
100536
100547
100548
100555
100556
100565
100598
100607
100612
100616
100617
100618
100619
100641
100642
100643
100644
100658
100667
100686
100687
100688
100690
100692
100695
100697
100700
100701
100715
100721
100728
100766
100767
100778
100787
100790
100792
100796
100807
100808
100809
100813
100826
100833
100844
100845
100846
100857
100858
100863
100868
100869
100876
100877
100878
100879
100880
100881
100883
100895
100914
100919
100927
100929
100931
100935
100960
100963
100967
100972
100974
100980
100982
100985
100986
100996
100998
101007
101008
101010
101023
101027
101038
101053
101055
101061
101064
101070
101071
101086
101095
101096
101105
101110
101144
101145
101146
101148
101153
101154
101159
101187
101188
101203
101218
101219
101232
101238
101240
101248
101252
101256
101277
101295
101297
101298
101300
101302
101309
101310
101313
101321
101326
101330
101331
101343
101346
101348
101349
101359
101360
101365
101367
101368
101377
101385
101386
101390
101395
101408
101409
101411
101412
101413
101418
101423
101429
101463
101476
101497
101498
101517
101520
101527
101534
101546
101562
101580
101585
101587
101598
101621
101626
101633
101640
101645
101648
101652
101657
101659
101666
101669
101672
101685
101686
101688
101692
101698
101705
101708
101710
101716
101720
101733
101734
101739
101741
101750
101754
101764
101767
101771
101772
101773
101779
101780
101781
101785
101786
101794
101800
101801
101804
101811
101814
101815
101822
101833
101834
101835
101845
101846
101854
101869
101871
101872
101876
101899
101901
101902
101915
101927
101931
101952
101961
101977
101997
102004
102006
102012
102029
102039
102042
102061
102065
102066
102082
102086
102087
102088
102092
102093
102099
102100
102101
102106
102137
102138
102141
102150
102160
102175
102182
102186
102205
102206
102217
102245
102246
102270
102278
102281
102285
102300
102304
102321
102323
102325
102328
102335
102336
102338
102339
102342
102343
102344
102345
102350
102356
102357
102358
102376
102396
102405
102409
102411
102419
102424
102456
102457
102473
102484
102485
102488
102493
102506
102507
102516
102537
102538
102544
102545
102547
102548
102549
102550
102551
102552
102553
102554
102555
102556
102557
102558
102559
102561
102564
102565
102568
102570
102574
102575
102582
102583
102585
102593
102594
102595
102596
102599
102628
102635
102643
102649
102664
102665
102667
102668
102669
102670
102673
102678
102685
102689
102705
102708
102710
102718
102724
102731
102737
102743
102751
102755
102762
102763
102774
102775
102782
102791
102805
102807
102812
102814
102815
102816
102817
102837
102838
102839
102840
102841
102848
102851
102864
102869
102874
102875
102891
102895
102899
102905
102908
102911
102971
102972
102981
102983
102994
103019
103028
103030
103035
103036
103039
103052
103066
103067
103071
103077
103094
103096
103099
103105
103110
103112
103120
103122
103125
103126
103142
103146
103152
103161
103163
103166
103172
103173
103174
103178
103187
103190
103208
103214
103221
103233
103238
103249
103262
103263
103264
103267
103274
103279
103284
103302
103303
103314
103318
103320
103326
103327
103328
103329
103337
103338
103342
103343
103380
103385
103391
103397
103409
103414
103425
103427
103432
103433
103441
103447
103452
103471
103479
103482
103483
103486
103487
103488
103501
103502
103506
103507
103517
103518
103521
103535
103539
103540
103545
103549
103551
103561
103574
103575
103576
103577
103578
103579
103580
103581
103582
103586
103593
103596
103598
103600
103609
103629
103633
103646
103648
103651
103652
103653
103654
103661
103662
103663
103684
103686
103691
103703
103707
103717
103752
103760
103765
103775
103779
103785
103808
103825
103833
103847
103849
103850
103856
103872
103902
103907
103908
103909
103910
103927
103937
103939
103940
103942
103953
103962
103968
103969
103975
103977
103980
103981
103984
103993
104002
104003
104005
104007
104026
104029
104065
104073
104077
104082
104083
104091
104095
104098
104100
104102
104103
104104
104105
104108
104109
104117
104120
104130
104134
104166
104167
104169
104184
104191
104206
104207
104213
104221
104223
104225
104230
104233
104235
104256
104265
104268
104270
104277
104278
104283
104287
104303
104304
104305
104307
104317
104320
104321
104322
104335
104339
104342
104343
104345
104346
104347
104380
104406
104408
104415
104416
104419
104423
104424
104425
104427
104433
104444
104448
104450
104464
104465
104467
104480
104489
104499
104500
104510
104525
104526
104527
104533
104534
104536
104537
104541
104542
104552
104560
104562
104563
104564
104565
104566
104568
104571
104573
104574
104588
104590
104592
104594
104595
104596
104601
104634
104636
104645
104666
104667
104669
104675
104676
104677
104680
104681
104682
104683
104684
104694
104701
104708
104715
104719
104728
104730
104737
104738
104742
104748
104749
104750
104764
104772
104777
104783
104784
104786
104787
104791
104803
104804
104810
104827
104844
104851
104854
104862
104863
104886
104888
104889
104890
104891
104903
104904
104905
104911
104912
104913
104921
104931
104934
104943
104950
104957
104963
104971
104972
104996
105014
105022
105039
105049
105056
105068
105088
105089
105098
105103
105122
105123
105130
105132
105134
105137
105138
105142
105143
105153
105162
105166
105168
105173
105179
105197
105201
105203
105210
105211
105225
105230
105236
105237
105241
105242
105243
105245
105253
105255
105256
105260
105264
105278
105279
105291
105292
105296
105299
105304
105312
105314
105316
105317
105322
105333
105340
105345
105347
105348
105355
105363
105376
105381
105384
105386
105394
105395
105401
105403
105410
105414
105415
105416
105417
105418
105427
105428
105441
105452
105456
105487
105489
105491
105505
105508
105510
105516
105517
105522
105531
105543
105552
105555
105560
105576
105580
105585
105588
105589
105604
105609
105617
105618
105619
105630
105631
105638
105652
105669
105670
105671
105676
105686
105716
105739
105740
105754
105781
105785
105792
105798
105822
105828
105831
105841
105842
105845
105846
105858
105865
105872
105873
105881
105882
105890
105891
105895
105905
105906
105909
105912
105924
105926
105930
105931
105941
105945
105948
105949
105964
105965
105966
105975
105982
105997
106026
106027
106028
106030
106031
106034
106035
106049
106050
106052
106053
106054
106076
106084
106087
106089
106119
106121
106125
106127
106128
106137
106141
106143
106146
106150
106161
106165
106166
106177
106188
106189
106194
106199
106201
106202
106233
106234
106248
106255
106259
106261
106266
106268
106277
106283
106292
106293
106312
106314
106318
106321
106359
106364
106370
106371
106384
106391
106392
106393
106396
106405
106406
106408
106410
106412
106413
106414
106423
106432
106433
106434
106448
106451
106455
106467
106469
106487
106494
106496
106503
106504
106512
106513
106514
106515
106516
106517
106519
106526
106528
106532
106534
106535
106536
106537
106538
106539
106540
106541
106542
106548
106552
106563
106566
106567
106568
106570
106571
106572
106573
106574
106576
106577
106578
106580
106582
106591
106618
106619
106623
106624
106628
106634
106636
106638
106643
106645
106648
106658
106662
106663
106667
106676
106677
106678
106679
106680
106681
106684
106687
106691
106693
106695
106696
106697
106698
106700
106701
106708
106709
106716
106725
106743
106744
106747
106749
106766
106769
106770
106771
106777
106782
106785
106786
106804
106810
106812
106819
106829
106831
106843
106850
106854
106857
106869
106876
106881
106901
106912
106915
106924
106942
106945
106948
106951
106961
106963
106970
106972
106976
106985
106989
107021
107025
107043
107045
107055
107060
107061
107062
107072
107076
107077
107103
107106
107111
107115
107150
107153
107159
107166
107170
107181
107190
107197
107211
107218
107229
107257
107268
107270
107272
107275
107283
107285
107286
107289
107309
107311
107317
107326
107334
107337
107339
107347
107348
107351
107358
107366
107369
107378
107380
107387
107388
107390
107392
107396
107402
107407
107412
107413
107414
107416
107417
107419
107420
107421
107426
107449
107451
107462
107481
107512
107513
107518
107521
107526
107530
107542
107545
107547
107550
107562
107570
107571
107578
107587
107588
107589
107594
107596
107599
107611
107614
107615
107621
107627
107628
107645
107650
107700
107701
107713
107714
107720
107722
107726
107731
107737
107743
107746
107751
107753
107757
107765
107767
107773
107774
107776
107777
107780
107785
107786
107790
107792
107797
107798
107803
107807
107810
107815
107816
107820
107827
107832
107839
107845
107847
107850
107852
107855
107863
107864
107867
107871
107883
107884
107885
107896
107897
107900
107901
107903
107906
107910
107915
107930
107931
107939
107941
107942
107943
107944
107946
107949
107956
107957
107964
107966
107971
107982
107992
107994
107996
108008
108017
108018
108026
108028
108029
108035
108037
108039
108041
108042
108086
108094
108107
108109
108117
108119
108139
108144
108153
108160
108162
108167
108168
108175
108195
108197
108198
108201
108204
108205
108206
108210
108215
108216
108222
108240
108242
108243
108244
108266
108280
108281
108283
108284
108285
108300
108301
108304
108306
108308
108311
108312
108317
108318
108319
108322
108325
108330
108332
108340
108341
108344
108347
108362
108366
108375
108376
108393
108396
108422
108426
108468
108470
108476
108480
108483
108484
108486
108490
108491
108496
108498
108501
108503
108507
108508
108509
108519
108528
108537
108548
108562
108588
108590
108592
108593
108595
108598
108607
108608
108610
108621
108629
108639
108640
108645
108648
108692
108703
108707
108709
108711
108731
108736
108743
108747
108750
108770
108771
108776
108777
108781
108784
108786
108790
108791
108795
108796
108798
108799
108806
108807
108808
108839
108841
108842
108853
108855
108861
108867
108868
108876
108885
108895
108896
108903
108911
108915
108919
108920
108922
108924
108927
108935
108950
108957
108959
108960
108968
108969
108977
108983
108992
108993
108999
109002
109005
109006
109007
109009
109017
109018
109020
109022
109031
109042
109043
109045
109049
109058
109062
109063
109064
109066
109090
109097
109098
109101
109104
109106
109114
109117
109118
109144
109152
109154
109159
109180
109182
109191
109195
109208
109209
109229
109234
109237
109251
109255
109276
109292
109300
109302
109324
109331
109338
109349
109350
109351
109355
109367
109376
109377
109382
109385
109399
109401
109418
109419
109428
109429
109437
109444
109446
109447
109454
109467
109468
109476
109487
109488
109489
109491
109497
109511
109518
109525
109535
109542
109556
109558
109581
109589
109590
109594
109606
109611
109621
109622
109629
109633
109634
109646
109657
109665
109667
109669
109670
109671
109672
109674
109675
109676
109679
109692
109698
109703
109705
109716
109747
109748
109749
109785
109791
109805
109811
109817
109818
109819
109822
109830
109834
109843
109845
109846
109847
109848
109850
109852
109866
109872
109879
109907
109908
109926
109929
109939
109940
109958
109961
109962
109975
109989
110003
110016
110019
110022
110026
110032
110048
110049
110051
110057
110058
110059
110062
110063
110067
110073
110079
110088
110091
110092
110093
110094
110097
110101
110112
110118
110123
110129
110130
110134
110135
110152
110154
110167
110176
110178
110206
110210
110219
110247
110250
110255
110260
110262
110263
110281
110285
110302
110315
110320
110322
110336
110337
110378
110379
110387
110413
110422
110428
110444
110445
110446
110452
110458
110501
110504
110514
110521
110527
110528
110530
110535
110542
110548
110550
110558
110559
110584
110586
110600
110613
110624
110626
110627
110654
110655
110682
110685
110690
110700
110702
110713
110724
110740
110754
110761
110762
110763
110764
110765
110766
110767
110768
110769
110776
110781
110786
110792
110793
110803
110806
110816
110824
110829
110834
110846
110858
110862
110872
110875
110891
110892
110900
110905
110907
110914
110917
110924
110925
110929
110930
110931
110933
110943
110944
110948
110949
110953
110954
110955
110958
110962
110963
110976
110977
110979
110993
111002
111011
111012
111022
111033
111035
111048
111053
111055
111067
111070
111071
111075
111082
111088
111105
111113
111115
111117
111119
111120
111139
111144
111222
111232
111239
111240
111242
111247
111254
111255
111256
111263
111268
111277
111278
111279
111280
111283
111295
111314
111349
111353
111358
111360
111364
111368
111373
111383
111385
111392
111397
111407
111409
111415
111432
111436
111449
111479
111481
111483
111501
111502
111503
111517
111518
111522
111525
111528
111533
111534
111537
111538
111554
111556
111558
111562
111572
111575
111578
111580
111587
111598
111601
111615
111616
111635
111640
111663
111701
111704
111705
111706
111708
111723
111726
111733
111736
111738
111741
111747
111751
111757
111760
111763
111765
111768
111769
111770
111774
111775
111776
111779
111780
111781
111783
111784
111785
111791
111792
111797
111798
111799
111800
111811
111812
111813
111814
111815
111824
111826
111838
111842
111843
111848
111860
111867
111890
111893
111899
111901
111906
111910
111916
111917
111918
111919
111928
111930
111932
111942
111945
111946
111950
111952
111955
111956
111960
111969
111972
111978
111980
111983
112007
112015
112029
112033
112039
112040
112042
112049
112050
112054
112078
112083
112084
112089
112101
112102
112105
112109
112112
112113
112118
112122
112141
112145
112148
112153
112157
112159
112163
112164
112165
112168
112183
112191
112194
112196
112200
112201
112211
112212
112219
112220
112221
112223
112226
112237
112238
112244
112251
112268
112269
112270
112274
112275
112276
112285
112289
112291
112294
112295
112298
112303
112307
112311
112313
112314
112325
112336
112341
112351
112372
112377
112378
112379
112384
112394
112401
112402
112403
112404
112405
112410
112411
112412
112417
112418
112423
112426
112427
112428
112429
112443
112446
112447
112455
112456
112477
112481
112489
112496
112510
112511
112512
112514
112518
112528
112529
112533
112537
112547
112551
112554
112555
112558
112573
112574
112580
112581
112582
112586
112590
112591
112604
112608
112610
112614
112617
112623
112624
112634
112635
112637
112638
112642
112644
112645
112650
112654
112657
112658
112659
112660
112666
112669
112680
112683
112695
112699
112710
112718
112719
112725
112736
112737
112745
112750
112752
112755
112784
112785
112788
112789
112791
112802
112807
112810
112830
112854
112857
112858
112863
112879
112880
112889
112893
112894
112899
112916
112926
112935
112939
112941
112944
112945
112946
112947
112949
112950
112965
112967
112976
112978
112982
113003
113004
113005
113008
113010
113014
113026
113028
113030
113036
113037
113039
113044
113055
113058
113066
113071
113072
113073
113074
113075
113086
113087
113096
113097
113106
113108
113140
113141
113142
113145
113158
113178
113181
113183
113185
113198
113216
113221
113222
113223
113225
113227
113231
113240
113241
113246
113247
113250
113255
113262
113263
113264
113268
113283
113298
113299
113301
113303
113309
113311
113313
113321
113345
113346
113350
113364
113370
113376
113377
113379
113394
113396
113398
113403
113425
113426
113427
113430
113432
113447
113448
113451
113468
113471
113487
113488
113493
113514
113516
113528
113529
113543
113547
113548
113564
113565
113573
113576
113577
113583
113590
113591
113592
113593
113600
113601
113602
113610
113618
113624
113628
113638
113641
113644
113652
113654
113655
113656
113659
113661
113667
113668
113677
113712
113716
113721
113741
113743
113744
113749
113751
113762
113769
113770
113771
113775
113792
113801
113802
113817
113830
113831
113845
113855
113857
113871
113875
113883
113884
113886
113898
113900
113903
113907
113908
113912
113913
113923
113937
113939
113942
113943
113953
113954
113955
113963
113964
113965
113968
113979
113985
113986
113989
113990
113993
113994
114008
114012
114015
114024
114044
114045
114064
114072
114078
114080
114081
114092
114093
114104
114109
114113
114121
114124
114129
114134
114137
114138
114144
114156
114157
114158
114165
114170
114171
114176
114177
114178
114182
114183
114184
114185
114199
114200
114205
114212
114214
114220
114221
114222
114237
114251
114257
114259
114272
114288
114293
114294
114295
114299
114302
114303
114312
114316
114332
114336
114338
114359
114360
114368
114373
114375
114380
114385
114395
114399
114410
114425
114431
114433
114446
114451
114452
114456
114461
114463
114469
114481
114482
114487
114490
114502
114504
114505
114506
114507
114508
114513
114525
114530
114531
114534
114538
114560
114561
114566
114567
114576
114583
114586
114588
114598
114603
114604
114620
114622
114635
114644
114649
114650
114654
114655
114660
114662
114663
114667
114674
114686
114689
114693
114694
114698
114701
114711
114723
114724
114725
114736
114737
114738
114747
114748
114750
114763
114765
114772
114775
114787
114793
114794
114821
114823
114824
114825
114827
114828
114829
114834
114840
114847
114850
114852
114854
114855
114857
114871
114872
114881
114882
114887
114888
114892
114894
114896
114902
114907
114911
114915
114920
114931
114944
114948
114949
114960
114963
114972
114976
114977
115001
115012
115017
115024
115025
115036
115045
115049
115056
115059
115065
115074
115082
115085
115087
115089
115093
115109
115117
115118
115120
115121
115123
115124
115125
115126
115128
115140
115141
115181
115192
115195
115198
115201
115226
115229
115242
115251
115260
115263
115276
115282
115288
115301
115304
115309
115311
115314
115325
115327
115337
115342
115343
115348
115358
115360
115362
115363
115366
115368
115369
115371
115372
115381
115382
115392
115395
115411
115421
115432
115433
115448
115460
115465
115468
115469
115483
115490
115492
115493
115494
115511
115522
115523
115527
115535
115538
115566
115594
115595
115602
115603
115610
115616
115617
115619
115627
115646
115653
115664
115671
115698
115708
115712
115716
115721
115723
115729
115732
115735
115745
115746
115747
115748
115753
115754
115755
115760
115761
115767
115768
115770
115780
115781
115790
115804
115807
115808
115810
115819
115821
115822
115824
115829
115838
115839
115843
115846
115851
115870
115875
115878
115879
115886
115908
115913
115918
115939
115940
115943
115944
115945
115946
115985
115999
116011
116024
116026
116027
116028
116029
116031
116032
116034
116036
116046
116048
116058
116062
116068
116077
116079
116081
116086
116087
116089
116091
116099
116101
116103
116110
116119
116121
116124
116126
116128
116139
116140
116141
116146
116150
116170
116173
116174
116176
116181
116183
116196
116201
116224
116227
116228
116232
116235
116242
116243
116244
116248
116249
116259
116260
116265
116277
116280
116281
116287
116308
116309
116322
116323
116329
116333
116334
116349
116352
116357
116363
116368
116370
116382
116385
116394
116398
116401
116406
116414
116420
116424
116431
116432
116435
116440
116441
116443
116451
116452
116462
116469
116470
116477
116480
116481
116482
116489
116491
116504
116505
116506
116509
116523
116524
116525
116529
116561
116562
116577
116586
116594
116596
116604
116610
116612
116613
116621
116625
116633
116650
116651
116652
116655
116657
116663
116678
116680
116683
116688
116689
116694
116718
116721
116735
116737
116738
116739
116742
116745
116746
116747
116748
116759
116765
116775
116784
116789
116790
116803
116804
116805
116820
116821
116830
116832
116834
116843
116844
116851
116853
116854
116859
116861
116863
116866
116867
116868
116870
116873
116881
116885
116894
116913
116924
116928
116930
116931
116937
116938
116948
116961
116966
116973
116974
116977
116985
116997
116998
117000
117002
117004
117006
117007
117009
117011
117020
117021
117024
117034
117035
117045
117058
117059
117065
117070
117071
117072
117073
117074
117076
117077
117092
117100
117101
117102
117103
117104
117107
117108
117113
117114
117115
117116
117117
117118
117121
117122
117123
117127
117130
117135
117136
117146
117147
117154
117158
117160
117161
117162
117163
117178
117187
117192
117194
117200
117236
117239
117251
117277
117282
117291
117298
117330
117333
117334
117335
117337
117338
117347
117351
117360
117374
117384
117387
117412
117413
117426
117464
117472
117479
117493
117516
117517
117518
117527
117531
117537
117541
117544
117553
117554
117555
117575
117579
117604
117610
117613
117615
117623
117627
117635
117652
117665
117666
117675
117694
117695
117696
117697
117713
117715
117718
117726
117730
117736
117737
117744
117745
117746
117747
117753
117759
117782
117790
117797
117798
117810
117811
117815
117830
117835
117840
117845
117851
117858
117859
117879
117881
117882
117883
117884
117885
117886
117887
117888
117889
117890
117892
117893
117894
117896
117897
117898
117899
117901
117902
117906
117907
117908
117909
117910
117911
117912
117913
117914
117915
117916
117917
117919
117920
117921
117922
117923
117924
117925
117926
117927
117929
117930
117931
117932
117935
117936
117937
117938
117939
117940
117941
117943
117945
117946
117948
117949
117950
117951
117952
117953
117954
117965
117975
117976
117979
117992
118022
118029
118031
118032
118035
118038
118048
118060
118061
118064
118069
118070
118086
118099
118101
118103
118104
118106
118116
118124
118127
118128
118133
118134
118135
118136
118139
118140
118141
118142
118151
118152
118162
118167
118176
118190
118196
118197
118201
118202
118206
118236
118251
118253
118255
118264
118265
118267
118273
118278
118280
118284
118285
118297
118309
118310
118318
118319
118322
118324
118331
118332
118338
118339
118351
118354
118360
118362
118378
118381
118391
118402
118411
118413
118416
118419
118426
118438
118439
118442
118443
118446
118463
118477
118479
118485
118492
118494
118503
118504
118509
118526
118537
118557
118563
118568
118579
118597
118600
118610
118612
118613
118614
118615
118616
118617
118618
118619
118620
118621
118622
118623
118624
118625
118626
118627
118628
118629
118630
118631
118632
118633
118634
118635
118636
118637
118638
118639
118640
118641
118642
118643
118644
118645
118646
118647
118648
118649
118650
118653
118667
118668
118674
118683
118695
118702
118705
118709
118714
118718
118728
118735
118737
118738
118749
118751
118752
118787
118797
118801
118807
118808
118810
118812
118815
118822
118849
118851
118853
118854
118858
118869
118875
118877
118880
118884
118885
118888
118896
118906
118907
118910
118915
118922
118935
118937
118938
118940
118942
118943
118948
118950
118965
118972
118988
118998
119001
119012
119019
119020
119025
119026
119027
119031
119040
119060
119067
119073
119076
119081
119097
119109
119118
119120
119124
119128
119129
119130
119131
119132
119133
119134
119135
119143
119147
119148
119154
119155
119156
119157
119158
119159
119160
119161
119162
119163
119164
119165
119166
119167
119168
119169
119174
119189
119197
119201
119202
119210
119215
119216
119217
119222
119231
119249
119250
119257
119261
119272
119274
119290
119298
119300
119306
119319
119320
119322
119341
119351
119352
119354
119359
119360
119366
119367
119376
119380
119392
119393
119394
119410
119416
119446
119450
119467
119471
119489
119490
119501
119508
119542
119553
119561
119562
119573
119593
119598
119603
119605
119607
119610
119611
119621
119642
119655
119660
119679
119695
119711
119718
119726
119746
119748
119759
119765
119769
119802
119826
119841
119845
119850
119859
119862
119864
119870
119873
119874
119875
119884
119887
119890
119907
119909
119924
119925
119928
119929
119932
119933
119934
119951
119972
119980
119989
119991
120044
120045
120046
120059
120062
120063
120068
120069
120070
120073
120081
120083
120084
120085
120092
120102
120103
120108
120109
120111
120131
120136
120139
120143
120144
120150
120172
120173
120199
120210
120215
120217
120226
120237
120238
120244
120254
120256
120263
120270
120279
120285
120330
120334
120335
120360
120369
120378
120379
120385
120394
120397
120407
120408
120415
120416
120419
120432
120435
120446
120449
120450
120474
120481
120491
120492
120500
120506
120511
120515
120516
120517
120525
120538
120557
120558
120559
120560
120561
120565
120570
120573
120578
120580
120583
120587
120590
120601
120620
120632
120651
120652
120659
120661
120675
120677
120680
120688
120708
120709
120715
120716
120717
120725
120732
120736
120741
120766
120790
120795
120806
120814
120817
120835
120838
120842
120844
120848
120849
120850
120864
120882
120883
120888
120903
120906
120907
120916
120919
120920
120921
120929
120930
120932
120933
120934
120937
120943
120945
120948
120949
120952
120956
120957
120958
120962
120963
120971
120976
120982
120992
120997
120999
121001
121004
121007
121008
121012
121013
121019
121020
121036
121046
121051
121052
121054
121072
121081
121082
121098
121102
121105
121113
121118
121120
121125
121126
121127
121129
121133
121134
121144
121146
121149
121154
121157
121158
121349
121350
121352
121364
121368
121371
121376
121381
121388
121390
121392
121394
121401
121403
121407
121408
121416
121419
121428
121429
121444
121446
121447
121448
121449
121456
121465
121469
121471
121481
121482
121487
121491
121493
121503
121510
121513
121518
121522
121532
121533
121545
121547
121559
121569
121581
121591
121592
121594
121596
121597
121598
121604
121607
121609
121619
121632
121648
121649
121650
121660
121661
121662
121663
121664
121665
121667
121668
121669
121670
121671
121672
121673
121674
121676
121677
121678
121679
121680
121681
121682
121683
121685
121689
121692
121693
121694
121695
121696
121697
121698
121710
121711
121714
121733
121734
121737
121738
121742
121750
121757
121766
121780
121788
121791
121796
121797
121803
121804
121806
121811
121832
121838
121839
121841
121856
121860
121861
121864
121870
121872
121876
121881
121883
121885
121893
121899
121900
121905
121906
121920
121922
121923
121929
121934
121937
121938
121948
121950
121956
121959
121961
121971
121976
121977
121978
121979
121981
121982
121983
121986
121987
122002
122006
122007
122008
122010
122011
122019
122021
122022
122025
122026
122028
122036
122037
122045
122054
122062
122070
122076
122077
122078
122079
122080
122084
122093
122098
122100
122102
122103
122104
122119
122122
122123
122124
122126
122148
122153
122162
122167
122172
122187
122188
122189
122193
122203
122204
122209
122210
122212
122221
122223
122228
122229
122230
122232
122233
122237
122243
122245
122255
122259
122260
122261
122271
122285
122287
122290
122294
122301
122305
122315
122316
122326
122338
122347
122354
122355
122356
122357
122360
122363
122367
122387
122396
122402
122411
122413
122414
122416
122417
122420
122425
122427
122429
122440
122442
122446
122449
122456
122457
122459
122461
122465
122466
122478
122479
122480
122494
122509
122510
122514
122522
122523
122525
122543
122545
122548
122551
122552
122557
122562
122568
122570
122571
122572
122573
122574
122575
122589
122591
122596
122600
122612
122616
122628
122650
122654
122665
122668
122671
122672
122677
122705
122709
122711
122717
122719
122740
122755
122801
122811
122827
122834
122844
122850
122851
122857
122882
122896
122900
122936
122940
122947
122948
122949
122950
122954
122956
122960
122977
122980
122985
122986
123004
123011
123022
123024
123031
123036
123038
123043
123046
123063
123064
123067
123068
123069
123078
123086
123088
123089
123095
123105
123118
123123
123133
123136
123137
123143
123162
123163
123165
123173
123175
123190
123195
123202
123213
123220
123234
123244
123245
123249
123252
123255
123256
123257
123259
123266
123275
123276
123277
123284
123285
123290
123291
123312
123315
123342
123355
123369
123372
123374
123375
123379
123380
123381
123384
123386
123390
123441
123447
123477
123479
123494
123511
123512
123515
123520
123539
123541
123552
123570
123575
123577
123580
123581
123584
123585
123587
123598
123604
123612
123613
123625
123628
123639
123647
123675
123685
123686
123691
123692
123694
123695
123700
123703
123711
123713
123719
123731
123741
123749
123759
123761
123763
123774
123788
123791
123793
123795
123803
123819
123820
123829
123832
123833
123837
123847
123861
123865
123890
123891
123898
123900
123902
123904
123905
123906
123907
123908
123920
123927
123933
123934
123937
123955
123960
123961
123962
123963
123966
123968
123975
123978
123982
123985
123988
123995
123996
123997
123998
124014
124016
124020
124021
124033
124034
124035
124037
124045
124051
124062
124067
124080
124098
124099
124102
124147
124153
124159
124172
124178
124194
124209
124216
124217
124219
124225
124227
124238
124243
124245
124249
124250
124261
124266
124280
124289
124294
124299
124303
124311
124312
124323
124324
124331
124333
124334
124337
124338
124341
124353
124356
124359
124373
124376
124387
124401
124403
124411
124415
124421
124425
124426
124434
124454
124455
124457
124460
124471
124476
124480
124485
124491
124492
124494
124495
124496
124497
124498
124509
124514
124515
124519
124531
124538
124539
124557
124559
124564
124565
124566
124578
124580
124581
124592
124599
124601
124607
124613
124616
124623
124624
124629
124634
124638
124640
124641
124656
124663
124668
124695
124705
124706
124708
124710
124712
124721
124726
124748
124758
124759
124776
124780
124781
124782
124783
124785
124791
124792
124802
124804
124816
124818
124832
124835
124837
124847
124861
124866
124868
124869
124878
124880
124892
124895
124896
124909
124910
124913
124930
124941
124950
124980
125005
125010
125011
125015
125016
125021
125024
125028
125030
125031
125032
125033
125034
125035
125036
125037
125040
125042
125047
125048
125050
125051
125063
125071
125073
125074
125077
125083
125086
125097
125101
125105
125134
125142
125146
125147
125148
125149
125154
125155
125170
125175
125187
125193
125201
125202
125208
125209
125213
125222
125230
125232
125239
125253
125266
125271
125273
125280
125287
125288
125298
125301
125305
125306
125311
125318
125328
125332
125347
125356
125364
125365
125380
125410
125413
125424
125425
125441
125442
125443
125444
125445
125448
125458
125461
125468
125478
125483
125484
125491
125500
125501
125512
125518
125519
125520
125521
125534
125538
125539
125540
125551
125555
125556
125557
125558
125561
125564
125568
125576
125584
125598
125603
125610
125618
125620
125621
125643
125664
125665
125675
125677
125684
125690
125702
125705
125706
125717
125725
125731
125735
125737
125741
125745
125748
125756
125766
125769
125794
125797
125814
125815
125821
125833
125840
125841
125842
125843
125846
125847
125848
125853
125855
125856
125865
125866
125870
125875
125877
125878
125879
125880
125887
125888
125891
125894
125917
125921
125922
125930
125931
125934
125939
125940
125943
125948
125966
125980
125981
125986
125987
126005
126018
126022
126047
126068
126075
126080
126081
126088
126091
126092
126114
126116
126129
126137
126146
126147
126152
126159
126164
126169
126173
126174
126178
126181
126182
126188
126201
126203
126206
126214
126216
126236
126247
126254
126256
126261
126262
126266
126273
126274
126279
126280
126283
126285
126286
126292
126293
126314
126328
126334
126341
126342
126343
126344
126345
126346
126348
126350
126353
126360
126361
126364
126365
126374
126375
126379
126389
126395
126427
126428
126443
126454
126460
126463
126485
126487
126491
126498
126504
126505
126511
126513
126514
126515
126529
126533
126534
126558
126561
126562
126567
126595
126611
126628
126639
126641
126643
126647
126648
126649
126650
126651
126652
126653
126654
126655
126656
126657
126658
126659
126660
126661
126662
126663
126664
126665
126666
126667
126668
126669
126670
126671
126672
126673
126679
126687
126713
126717
126723
126727
126733
126737
126743
126745
126747
126750
126776
126778
126780
126782
126803
126811
126814
126815
126829
126831
126832
126837
126841
126844
126862
126866
126867
126869
126872
126875
126876
126882
126883
126884
126885
126886
126887
126888
126889
126890
126891
126892
126893
126894
126895
126905
126913
126935
126938
126940
126944
126949
126950
126955
126958
126966
126990
126992
126993
127019
127020
127025
127047
127050
127063
127066
127068
127098
127115
127144
127145
127146
127153
127155
127156
127157
127158
127159
127180
127182
127207
127208
127209
127215
127217
127236
127237
127238
127239
127243
127260
127262
127271
127275
127278
127293
127308
127313
127314
127317
127318
127319
127320
127321
127322
127323
127324
127341
127342
127343
127354
127364
127365
127369
127371
127376
127394
127404
127416
127426
127440
127459
127462
127473
127477
127496
127497
127505
127531
127549
127557
127558
127565
127567
127576
127582
127602
127603
127604
127605
127608
127609
127615
127626
127627
127637
127642
127653
127659
127669
127692
127701
127702
127704
127710
127716
127717
127721
127722
127726
127727
127740
127742
127762
127763
127770
127780
127790
127793
127794
127806
127807
127808
127809
127810
127812
127813
127816
127822
127823
127829
127835
127850
127851
127858
127865
127879
127884
127889
127892
127896
127906
127915
127921
127922
127934
127937
127942
127950
127961
127970
127975
127977
127983
127986
127987
127990
127991
127992
127993
127994
127999
128008
128009
128011
128022
128023
128030
128036
128042
128049
128050
128057
128074
128076
128080
128081
128084
128090
128096
128102
128103
128120
128129
128130
128131
128132
128134
128137
128138
128140
128142
128143
128144
128145
128146
128150
128158
128165
128167
128168
128169
128170
128171
128172
128173
128174
128181
128182
128190
128198
128200
128201
128203
128208
128211
128230
128236
128242
128243
128246
128258
128259
128261
128267
128271
128277
128279
128280
128281
128290
128294
128296
128297
128303
128306
128337
128357
128360
128368
128373
128382
128389
128391
128394
128413
128423
128426
128429
128431
128433
128434
128435
128436
128437
128438
128439
128440
128448
128449
128450
128451
128452
128453
128454
128455
128456
128458
128459
128461
128462
128467
128481
128494
128502
128512
128520
128521
128522
128527
128535
128539
128545
128556
128564
128565
128566
128567
128568
128570
128576
128577
128581
128584
128594
128597
128613
128614
128617
128625
128626
128641
128652
128653
128657
128662
128675
128681
128682
128697
128698
128702
128718
128719
128723
128734
128735
128756
128758
128760
128764
128765
128768
128769
128775
128780
128783
128787
128792
128795
128802
128813
128822
128825
128848
128850
128853
128854
128866
128874
128894
128904
128907
128909
128914
128919
128931
128940
128941
128949
128955
128963
128969
128973
128975
128982
128984
128987
129003
129006
129016
129020
129039
129040
129046
129052
129056
129057
129068
129070
129071
129082
129088
129091
129093
129095
129107
129109
129117
129118
129119
129128
129130
129131
129136
129156
129159
129161
129172
129177
129180
129183
129184
129188
129190
129191
129192
129193
129205
129206
129215
129226
129227
129228
129231
129232
129233
129248
129249
129259
129265
129270
129271
129272
129283
129304
129306
129307
129308
129309
129310
129311
129312
129313
129328
129329
129330
129332
129334
129349
129358
129364
129365
129367
129373
129378
129380
129386
129397
129401
129402
129406
129408
129409
129410
129411
129412
129413
129414
129415
129416
129417
129421
129423
129424
129429
129440
129450
129468
129471
129477
129478
129482
129483
129487
129494
129498
129504
129508
129518
129544
129550
129551
129554
129569
129570
129579
129589
129599
129608
129610
129614
129615
129634
129642
129643
129665
129667
129672
129675
129677
129682
129687
129691
129692
129715
129722
129726
129727
129735
129736
129741
129744
129746
129751
129758
129760
129761
129762
129764
129765
129775
129777
129779
129782
129783
129788
129792
129807
129808
129809
129811
129812
129818
129820
129826
129830
129848
129850
129854
129855
129856
129859
129868
129870
129873
129908
129912
129918
129927
129933
129936
129954
129962
129969
129974
129975
129976
129977
129978
129979
129982
129991
129992
129997
130004
130008
130032
130035
130036
130043
130046
130054
130055
130059
130064
130072
130075
130084
130085
130092
130093
130094
130101
130115
130118
130121
130122
130124
130134
130140
130164
130168
130172
130174
130175
130176
130203
130207
130211
130214
130215
130216
130219
130231
130239
130241
130252
130258
130261
130262
130265
130269
130296
130307
130312
130320
130324
130328
130337
130342
130343
130344
130354
130365
130378
130379
130382
130385
130388
130400
130412
130416
130426
130428
130429
130430
130431
130432
130433
130437
130447
130456
130470
130482
130484
130491
130492
130493
130517
130518
130520
130545
130553
130554
130555
130557
130561
130566
130567
130570
130571
130572
130573
130582
130583
130586
130587
130588
130589
130606
130609
130615
130616
130634
130637
130646
130659
130661
130662
130669
130670
130675
130680
130713
130715
130716
130717
130718
130719
130755
130784
130785
130786
130799
130800
130825
130828
130831
130854
130855
130856
130860
130862
130867
130872
130875
130881
130890
130896
130897
130902
130903
130916
130918
130924
130930
130934
130942
130944
130946
130947
130954
130956
130962
130965
130967
130968
130969
130970
130990
130991
130992
130993
130994
130996
130997
130998
130999
131000
131001
131004
131007
131008
131010
131039
131045
131049
131055
131057
131058
131062
131066
131068
131081
131086
131093
131098
131099
131100
131103
131106
131108
131114
131120
131131
131147
131162
131163
131165
131174
131191
131193
131195
131209
131210
131214
131218
131220
131230
131255
131256
131263
131266
131268
131269
131281
131286
131294
131296
131316
131317
131330
131334
131340
131363
131365
131366
131385
131390
131391
131392
131393
131400
131401
131419
131422
131425
131427
131429
131434
131447
131452
131470
131487
131491
131493
131495
131499
131503
131505
131506
131509
131525
131528
131529
131532
131534
131535
131537
131549
131550
131552
131558
131563
131585
131587
131596
131602
131603
131620
131636
131643
131652
131661
131663
131679
131699
131729
131738
131751
131754
131762
131763
131765
131766
131770
131788
131824
131828
131837
131843
131844
131845
131848
131851
131852
131854
131866
131867
131868
131869
131870
131873
131882
131884
131885
131891
131894
131902
131904
131905
131906
131907
131908
131909
131921
131927
131930
131949
131951
131954
131972
131973
131982
131984
131992
131994
132003
132027
132044
132054
132056
132059
132061
132062
132064
132075
132078
132079
132080
132097
132123
132124
132126
132130
132131
132140
132142
132145
132150
132172
132176
132182
132192
132198
132210
132218
132219
132221
132222
132238
132242
132249
132261
132262
132263
132264
132273
132274
132276
132277
132278
132279
132286
132289
132295
132298
132299
132310
132317
132320
132325
132326
132328
132330
132333
132335
132336
132340
132348
132352
132364
132366
132367
132368
132370
132382
132387
132405
132406
132407
132413
132414
132420
132423
132425
132427
132433
132470
132471
132474
132475
132481
132495
132500
132511
132516
132517
132519
132523
132526
132537
132541
132552
132560
132572
132573
132587
132588
132590
132597
132603
132604
132630
132631
132645
132646
132649
132654
132666
132673
132678
132680
132684
132685
132691
132694
132704
132705
132721
132722
132729
132730
132735
132736
132742
132753
132756
132757
132759
132763
132767
132770
132771
132772
132773
132775
132784
132785
132789
132790
132794
132797
132799
132803
132804
132822
132827
132829
132835
132842
132843
132851
132866
132867
132868
132872
132873
132874
132884
132891
132893
132907
132921
132951
132967
132968
132969
132971
132987
132988
132989
132993
132994
132998
133003
133013
133014
133022
133023
133029
133030
133033
133039
133040
133049
133050
133052
133063
133065
133068
133073
133088
133092
133094
133096
133097
133103
133107
133109
133126
133132
133135
133136
133137
133138
133140
133141
133142
133143
133145
133147
133151
133161
133176
133177
133178
133181
133192
133203
133204
133205
133210
133211
133220
133221
133223
133236
133240
133250
133252
133253
133260
133262
133264
133272
133277
133281
133283
133289
133311
133315
133317
133318
133332
133348
133349
133350
133351
133354
133370
133371
133386
133391
133392
133398
133400
133409
133413
133417
133419
133426
133430
133431
133441
133461
133463
133468
133472
133476
133491
133496
133502
133504
133505
133510
133511
133516
133518
133528
133529
133530
133531
133539
133540
133541
133542
133543
133546
133561
133563
133571
133572
133583
133587
133590
133591
133592
133596
133599
133600
133614
133620
133624
133626
133628
133633
133634
133638
133641
133643
133644
133646
133652
133659
133663
133666
133669
133673
133680
133681
133682
133701
133702
133727
133728
133729
133730
133738
133745
133747
133748
133751
133755
133760
133768
133777
133778
133791
133804
133816
133822
133825
133826
133830
133831
133834
133835
133837
133848
133867
133871
133876
133883
133894
133896
133902
133906
133910
133912
133916
133919
133920
133928
133938
133946
133949
133950
133951
133953
133954
133955
133966
133973
133984
133986
133987
